96812
-74920
-93917
-99439
-74920
-93917
-99439
-73182
-93917
-99439
-73182
10121
-99439
-73182
10121
28403
-73182
10121
28403
74735
10121
28403
74735
-82356
28403
74735
-82356
-73820
74735
-82356
-73820
19999
-82356
-73820
19999
14565
-73820
19999
14565
-28071
19999
14565
-28071
29591
14565
-28071
29591
-26278
-28071
29591
-26278
-40721
29591
-26278
-40721
11177
-26278
-40721
11177
-15256
-40721
11177
-15256
19867
11177
-15256
19867
-96359
-15256
19867
-96359
-37564
19867
-96359
-37564
-46936
-96359
-37564
-46936
41944
-37564
-46936
41944
-85700
-46936
41944
-85700
-47739
41944
-85700
-47739
-27345
-85700
-47739
-27345
-71653
-47739
-27345
-71653
99925
-27345
-71653
99925
66507
-71653
99925
66507
-37201
99925
66507
-37201
-27851
66507
-37201
-27851
-37520
-37201
-27851
-37520
-49026
-27851
-37520
-49026
44914
-37520
-49026
44914
45035
-49026
44914
45035
94733
44914
45035
94733
81863
45035
94733
81863
-22527
94733
81863
-22527
45563
81863
-22527
45563
-42404
-22527
45563
-42404
88331
45563
-42404
88331
-47805
-42404
88331
-47805
-36596
88331
-47805
-36596
-93532
-47805
-36596
-93532
-89407
-36596
-93532
-89407
-10339
-93532
-89407
-10339
-63326
-89407
-10339
-63326
-66274
-10339
-63326
-66274
16600
-63326
-66274
16600
80950
-66274
16600
80950
-67099
16600
80950
-67099
-99791
80950
-67099
-99791
-30821
-67099
-99791
-30821
28480
-99791
-30821
28480
43220
-30821
28480
43220
-25629
28480
43220
-25629
74933
43220
-25629
74933
-20536
-25629
74933
-20536
-31646
74933
-20536
-31646
-84105
-20536
-31646
-84105
33826
-31646
-84105
33826
38644
-84105
33826
38644
83139
33826
38644
83139
-55945
38644
83139
-55945
75186
83139
-55945
75186
24663
-55945
75186
24663
-99274
75186
24663
-99274
-80167
24663
-99274
-80167
-13793
-99274
-80167
-13793
42791
-80167
-13793
42791
27754
-13793
42791
27754
-21097
42791
27754
-21097
63218
27754
-21097
63218
17909
-21097
63218
17909
-87625
63218
17909
-87625
-39049
17909
-87625
-39049
-26168
-87625
-39049
-26168
-73765
-39049
-26168
-73765
72777
-26168
-73765
72777
-82378
-73765
72777
-82378
38314
72777
-82378
38314
-43108
-82378
38314
-43108
98781
38314
-43108
98781
-21251
-43108
98781
-21251
15753
98781
-21251
15753
-71895
-21251
15753
-71895
87693
15753
-71895
87693
-15861
-71895
87693
-15861
-88527
87693
-15861
-88527
12706
-15861
-88527
12706
91422
-88527
12706
91422
-92333
12706
91422
-92333
-90628
91422
-92333
-90628
81280
-92333
-90628
81280
-71191
-90628
81280
-71191
-57045
81280
-71191
-57045
13509
-71191
-57045
13509
28271
-57045
13509
28271
-66582
13509
28271
-66582
57542
28271
-66582
57542
70104
-66582
57542
70104
61106
57542
70104
61106
-34341
70104
61106
-34341
-23990
61106
-34341
-23990
69807
-34341
-23990
69807
65352
-23990
69807
65352
-91695
69807
65352
-91695
11936
65352
-91695
11936
82215
-91695
11936
82215
88892
11936
82215
88892
-85326
82215
88892
-85326
-34627
88892
-85326
-34627
76528
-85326
-34627
76528
32132
-34627
76528
32132
41097
76528
32132
41097
52515
32132
41097
52515
-61841
41097
52515
-61841
95844
52515
-61841
95844
58862
-61841
95844
58862
63273
95844
58862
63273
-67693
58862
63273
-67693
63394
63273
-67693
63394
84745
-67693
63394
84745
-35375
63394
84745
-35375
-47156
84745
-35375
-47156
-57551
-35375
-47156
-57551
-13419
-47156
-57551
-13419
-29094
-57551
-13419
-29094
52031
-13419
-29094
52031
90993
-29094
52031
90993
-60455
52031
90993
-60455
49512
90993
-60455
49512
95096
-60455
49512
95096
87341
49512
95096
87341
55991
95096
87341
55991
54913
87341
55991
54913
-73545
55991
54913
-73545
-20239
54913
-73545
-20239
-92773
-73545
-20239
-92773
16446
-20239
-92773
16446
-32746
-92773
16446
-32746
32297
16446
-32746
32297
25301
-32746
32297
25301
-90155
32297
25301
-90155
-32581
25301
-90155
-32581
-63062
-90155
-32581
-63062
-52392
-32581
-63062
-52392
78574
-63062
-52392
78574
-39434
-52392
78574
-39434
10396
78574
-39434
10396
36136
-39434
10396
36136
-45506
10396
36136
-45506
-78242
36136
-45506
-78242
99980
-45506
-78242
99980
50656
-78242
99980
50656
-56176
99980
50656
-56176
10660
50656
-56176
10660
-10416
-56176
10660
-10416
-93004
10660
-10416
-93004
-44076
-10416
-93004
-44076
16358
-93004
-44076
16358
82116
-44076
16358
82116
-18127
16358
82116
-18127
-55252
82116
-18127
-55252
-96975
-18127
-55252
-96975
-17786
-55252
-96975
-17786
-67121
-96975
-17786
-67121
42318
-17786
-67121
42318
-26630
-67121
42318
-26630
-14002
42318
-26630
-14002
-39082
-26630
-14002
-39082
-85931
-14002
-39082
-85931
-21999
-39082
-85931
-21999
57388
-85931
-21999
57388
63405
-21999
57388
63405
-17896
57388
63405
-17896
59940
63405
-17896
59940
-71290
-17896
59940
-71290
-83555
59940
-71290
-83555
88870
-71290
-83555
88870
35949
-83555
88870
35949
91642
88870
35949
91642
-98889
35949
91642
-98889
67838
91642
-98889
67838
-13551
-98889
67838
-13551
72568
67838
-13551
72568
76407
-13551
72568
76407
21099
72568
76407
21099
33221
76407
21099
33221
60732
21099
33221
60732
-77571
33221
60732
-77571
43495
60732
-77571
43495
-94071
-77571
43495
-94071
82347
43495
-94071
82347
15764
-94071
82347
15764
83865
82347
15764
83865
93677
15764
83865
93677
-86668
83865
93677
-86668
15698
93677
-86668
15698
18646
-86668
15698
18646
-89319
15698
18646
-89319
61700
18646
-89319
61700
-28632
-89319
61700
-28632
-67264
61700
-28632
-67264
-65680
-28632
-67264
-65680
-23176
-67264
-65680
-23176
61029
-65680
-23176
61029
71930
-23176
61029
71930
-17797
61029
71930
-17797
89024
71930
-17797
89024
-83335
-17797
89024
-83335
44595
89024
-83335
44595
71776
-83335
44595
71776
79806
44595
71776
79806
55067
71776
79806
55067
99771
79806
55067
99771
-75690
55067
99771
-75690
13278
99771
-75690
13278
-73732
-75690
13278
-73732
37599
13278
-73732
37599
-11923
-73732
37599
-11923
-35958
37599
-11923
-35958
74647
-11923
-35958
74647
72205
-35958
74647
72205
85966
74647
72205
85966
47059
72205
85966
47059
-60862
85966
47059
-60862
-58992
47059
-60862
-58992
60908
-60862
-58992
60908
75395
-58992
60908
75395
-93235
60908
75395
-93235
18239
75395
-93235
18239
-11747
-93235
18239
-11747
13839
18239
-11747
13839
-76416
-11747
13839
-76416
78728
13839
-76416
78728
-35793
-76416
78728
-35793
-80838
78728
-35793
-80838
35289
-35793
-80838
35289
-70278
-80838
35289
-70278
25224
35289
-70278
25224
-24749
-70278
25224
-24749
71468
25224
-24749
71468
15357
-24749
71468
15357
26280
71468
15357
26280
40756
15357
26280
40756
46740
26280
40756
46740
46817
40756
46740
46817
19042
46740
46817
19042
38743
46817
19042
38743
-63161
19042
38743
-63161
-76020
38743
-63161
-76020
96680
-63161
-76020
96680
-84105
-76020
96680
-84105
-46023
96680
-84105
-46023
-75668
-84105
-46023
-75668
87638
-46023
-75668
87638
-55747
-75668
87638
-55747
-74898
87638
-55747
-74898
32704
-55747
-74898
32704
24069
-74898
32704
24069
-62765
32704
24069
-62765
-69728
24069
-62765
-69728
95789
-62765
-69728
95789
-78407
-69728
95789
-78407
61106
95789
-78407
61106
-88252
-78407
61106
-88252
-54735
61106
-88252
-54735
37687
-88252
-54735
37687
-99791
-54735
37687
-99791
60853
37687
-99791
60853
-58024
-99791
60853
-58024
-38829
60853
-58024
-38829
65286
-58024
-38829
65286
-17280
-38829
65286
-17280
16908
65286
-17280
16908
-72753
-17280
16908
-72753
-89484
16908
-72753
-89484
-16202
-72753
-89484
-16202
-74810
-89484
-16202
-74810
-49488
-16202
-74810
-49488
85229
-74810
-49488
85229
-63414
-49488
85229
-63414
-21449
85229
-63414
-21449
43484
-63414
-21449
43484
20967
-21449
43484
20967
93897
43484
20967
93897
-50643
20967
93897
-50643
95514
93897
-50643
95514
79619
-50643
95514
79619
39205
95514
79619
39205
87990
79619
39205
87990
47092
39205
87990
47092
11573
87990
47092
11573
-13936
47092
11573
-13936
87693
11573
-13936
87693
-43163
-13936
87693
-43163
39568
87693
-43163
39568
-10999
-43163
39568
-10999
91202
39568
-10999
91202
82875
-10999
91202
82875
81830
91202
82875
81830
-37949
82875
81830
-37949
-68155
81830
-37949
-68155
53505
-37949
-68155
53505
98055
-68155
53505
98055
48489
53505
98055
48489
57421
98055
48489
57421
91994
48489
57421
91994
84789
57421
91994
84789
58895
91994
84789
58895
73800
84789
58895
73800
-43383
58895
73800
-43383
-90067
73800
-43383
-90067
-39632
-43383
-90067
-39632
79014
-90067
-39632
79014
-20701
-39632
79014
-20701
30812
79014
-20701
30812
-49477
-20701
30812
-49477
-95292
30812
-49477
-95292
-77461
-49477
-95292
-77461
69862
-95292
-77461
69862
-44890
-77461
69862
-44890
34728
69862
-44890
34728
-64668
-44890
34728
-64668
74779
34728
-64668
74779
54121
-64668
74779
54121
11144
74779
54121
11144
-60609
54121
11144
-60609
-43691
11144
-60609
-43691
42538
-60609
-43691
42538
41856
-43691
42538
41856
92192
42538
41856
92192
64571
41856
92192
64571
-69849
92192
64571
-69849
63724
64571
-69849
63724
97021
-69849
63724
97021
51558
63724
97021
51558
89640
97021
51558
89640
-80035
51558
89640
-80035
85042
89640
-80035
85042
-47816
-80035
85042
-47816
-91563
85042
-47816
-91563
95041
-47816
-91563
95041
84921
-91563
95041
84921
-89913
95041
84921
-89913
25169
84921
-89913
25169
88606
-89913
25169
88606
13564
25169
88606
13564
-12286
88606
13564
-12286
-14750
13564
-12286
-14750
-84567
-12286
-14750
-84567
-53305
-14750
-84567
-53305
27446
-84567
-53305
27446
45453
-53305
27446
45453
-35133
27446
45453
-35133
36697
45453
-35133
36697
35344
-35133
36697
35344
22265
36697
35344
22265
90157
35344
22265
90157
-57826
22265
90157
-57826
40833
90157
-57826
40833
-90056
-57826
40833
-90056
30152
40833
-90056
30152
96999
-90056
30152
96999
33639
30152
96999
33639
-22560
96999
33639
-22560
-34550
33639
-22560
-34550
-98988
-22560
-34550
-98988
38050
-34550
-98988
38050
-33527
-98988
38050
-33527
-58156
38050
-33527
-58156
73635
-33527
-58156
73635
-75448
-58156
73635
-75448
47829
73635
-75448
47829
61997
-75448
47829
61997
-40116
47829
61997
-40116
-40765
61997
-40116
-40765
76033
-40116
-40765
76033
33265
-40765
76033
33265
-36893
76033
33265
-36893
60083
33265
-36893
60083
23673
-36893
60083
23673
-66791
60083
23673
-66791
-34011
23673
-66791
-34011
56211
-66791
-34011
56211
-12792
-34011
56211
-12792
-28654
56211
-12792
-28654
-67396
-12792
-28654
-67396
69158
-28654
-67396
69158
-17896
-67396
69158
-17896
-70652
69158
-17896
-70652
99221
-17896
-70652
99221
83359
-70652
99221
83359
-51941
99221
83359
-51941
-56902
83359
-51941
-56902
-78660
-51941
-56902
-78660
25158
-56902
-78660
25158
47939
-78660
25158
47939
-19777
25158
47939
-19777
-95600
47939
-19777
-95600
20681
-19777
-95600
20681
64956
-95600
20681
64956
28326
20681
64956
28326
-18831
64956
28326
-18831
34277
28326
-18831
34277
-57694
-18831
34277
-57694
-60961
34277
-57694
-60961
63317
-57694
-60961
63317
66617
-60961
63317
66617
15951
63317
66617
15951
15698
66617
15951
15698
-14134
15951
15698
-14134
-58717
15698
-14134
-58717
-53536
-14134
-58717
-53536
60655
-58717
-53536
60655
35795
-53536
60655
35795
90619
60655
35795
90619
-75217
35795
90619
-75217
-37267
90619
-75217
-37267
-14420
-75217
-37267
-14420
-31283
-37267
-14420
-31283
-75954
-14420
-31283
-75954
99485
-31283
-75954
99485
-18886
-75954
99485
-18886
-37938
99485
-18886
-37938
-61522
-18886
-37938
-61522
47059
-37938
-61522
47059
53043
-61522
47059
53043
-66373
47059
53043
-66373
-89572
53043
-66373
-89572
-13419
-66373
-89572
-13419
-99527
-89572
-13419
-99527
-40776
-13419
-99527
-40776
56222
-99527
-40776
56222
-86294
-40776
56222
-86294
28755
56222
-86294
28755
-94896
-86294
28755
-94896
-87174
28755
-94896
-87174
32891
-94896
-87174
32891
87891
-87174
32891
87891
95206
32891
87891
95206
91169
87891
95206
91169
-41733
95206
91169
-41733
-39126
91169
-41733
-39126
61227
-41733
-39126
61227
-77747
-39126
61227
-77747
72997
61227
-77747
72997
-76757
-77747
72997
-76757
98352
72997
-76757
98352
67805
-76757
98352
67805
-20503
98352
67805
-20503
-73754
67805
-20503
-73754
65077
-20503
-73754
65077
33859
-73754
65077
33859
81291
65077
33859
81291
-49378
33859
81291
-49378
54242
81291
-49378
54242
86549
-49378
54242
86549
-79309
54242
86549
-79309
33705
86549
-79309
33705
-21196
-79309
33705
-21196
-74700
33705
-21196
-74700
51745
-21196
-74700
51745
52482
-74700
51745
52482
-13276
51745
52482
-13276
79553
52482
-13276
79553
-19568
-13276
79553
-19568
-25915
79553
-19568
-25915
-78836
-19568
-25915
-78836
-63205
-25915
-78836
-63205
20967
-78836
-63205
20967
-47156
-63205
20967
-47156
-61599
20967
-47156
-61599
-78957
-47156
-61599
-78957
37940
-61599
-78957
37940
36411
-78957
37940
36411
11111
37940
36411
11111
53153
36411
11111
53153
-43603
11111
53153
-43603
17711
53153
-43603
17711
51349
-43603
17711
51349
17898
17711
51349
17898
-66978
51349
17898
-66978
-98229
17898
-66978
-98229
19042
-66978
-98229
19042
-90089
-98229
19042
-90089
52801
19042
-90089
52801
-50863
-90089
52801
-50863
90245
52801
-50863
90245
-29149
-50863
90245
-29149
-56748
90245
-29149
-56748
-30370
-29149
-56748
-30370
-16488
-56748
-30370
-16488
-95732
-30370
-16488
-95732
-87559
-16488
-95732
-87559
-81421
-95732
-87559
-81421
-92124
-87559
-81421
-92124
-62666
-81421
-92124
-62666
-35914
-92124
-62666
-35914
-43625
-62666
-35914
-43625
99254
-35914
-43625
99254
13311
-43625
99254
13311
-96986
99254
13311
-96986
-79023
13311
-96986
-79023
77716
-96986
-79023
77716
83865
-79023
77716
83865
-47717
77716
83865
-47717
-16994
83865
-47717
-16994
-94082
-47717
-16994
-94082
-86118
-16994
-94082
-86118
73569
-94082
-86118
73569
-40402
-86118
73569
-40402
-22175
73569
-40402
-22175
-84787
-40402
-22175
-84787
-88076
-22175
-84787
-88076
28084
-84787
-88076
28084
-69288
-88076
28084
-69288
-13210
28084
-69288
-13210
74966
-69288
-13210
74966
-34000
-13210
74966
-34000
-10405
74966
-34000
-10405
94623
-34000
-10405
94623
-85689
-10405
94623
-85689
63141
94623
-85689
63141
-36706
-85689
63141
-36706
40635
63141
-36706
40635
16523
-36706
40635
16523
-66857
40635
16523
-66857
-36794
16523
-66857
-36794
15885
-66857
-36794
15885
-92267
-36794
15885
-92267
-48091
15885
-92267
-48091
-59113
-92267
-48091
-59113
-93433
-48091
-59113
-93433
83887
-59113
-93433
83887
-37366
-93433
83887
-37366
79432
83887
-37366
79432
-68507
-37366
79432
-68507
-20437
79432
-68507
-20437
32979
-68507
-20437
32979
-73567
-20437
32979
-73567
62591
32979
-73567
62591
99045
-73567
62591
99045
55034
62591
99045
55034
70742
99045
55034
70742
85977
55034
70742
85977
89882
70742
85977
89882
-60378
85977
89882
-60378
-39863
89882
-60378
-39863
65297
-60378
-39863
65297
-14156
-39863
65297
-14156
-34616
65297
-14156
-34616
-22868
-14156
-34616
-22868
13927
-34616
-22868
13927
46850
-22868
13927
46850
69257
13927
46850
69257
88705
46850
69257
88705
-91805
69257
88705
-91805
65462
88705
-91805
65462
-54218
-91805
65462
-54218
-73820
65462
-54218
-73820
42945
-54218
-73820
42945
55683
-73820
42945
55683
-11692
42945
55683
-11692
-23792
55683
-11692
-23792
-22615
-11692
-23792
-22615
-68551
-23792
-22615
-68551
12156
-22615
-68551
12156
-13507
-68551
12156
-13507
-81608
12156
-13507
-81608
80642
-13507
-81608
80642
-50489
-81608
80642
-50489
-21691
80642
-50489
-21691
-11131
-50489
-21691
-11131
80268
-21691
-11131
80268
23717
-11131
80268
23717
79520
80268
23717
79520
-62897
23717
79520
-62897
-87185
79520
-62897
-87185
69147
-62897
-87185
69147
-55923
-87185
69147
-55923
-75008
69147
-55923
-75008
31670
-55923
-75008
31670
26489
-75008
31670
26489
-61335
31670
26489
-61335
46036
26489
-61335
46036
-99912
-61335
46036
-99912
-71114
46036
-99912
-71114
-12550
-99912
-71114
-12550
25081
-71114
-12550
25081
76429
-12550
25081
76429
-42844
25081
76429
-42844
-11659
76429
-42844
-11659
92445
-42844
-11659
92445
55848
-11659
92445
55848
33980
92445
55848
33980
21495
55848
33980
21495
-79595
33980
21495
-79595
-47035
21495
-79595
-47035
-63238
-79595
-47035
-63238
15885
-47035
-63238
15885
-51347
-63238
15885
-51347
-83929
15885
-51347
-83929
89145
-51347
-83929
89145
33595
-83929
89145
33595
19009
89145
33595
19009
53208
33595
19009
53208
88144
19009
53208
88144
-74986
53208
88144
-74986
30746
88144
-74986
30746
-53877
-74986
30746
-53877
89629
30746
-53877
89629
36576
-53877
89629
36576
-92498
89629
36576
-92498
-56583
36576
-92498
-56583
-80596
-92498
-56583
-80596
-10284
-56583
-80596
-10284
26566
-80596
-10284
26566
88177
-10284
26566
88177
-48234
26566
88177
-48234
25785
88177
-48234
25785
-10669
-48234
25785
-10669
-59047
25785
-10669
-59047
-11769
-10669
-59047
-11769
39029
-59047
-11769
39029
77683
-11769
39029
77683
45706
39029
77683
45706
-29578
77683
45706
-29578
60127
45706
-29578
60127
-71422
-29578
60127
-71422
-23308
60127
-71422
-23308
73943
-71422
-23308
73943
15379
-23308
73943
15379
-81300
73943
15379
-81300
-75822
15379
-81300
-75822
-18413
-81300
-75822
-18413
14246
-75822
-18413
14246
79751
-18413
14246
79751
-54438
14246
79751
-54438
-55912
79751
-54438
-55912
50480
-54438
-55912
50480
17623
-55912
50480
17623
91169
50480
17623
91169
-84061
17623
91169
-84061
98341
91169
-84061
98341
-39401
-84061
98341
-39401
-16653
98341
-39401
-16653
95140
-39401
-16653
95140
61821
-16653
95140
61821
62855
95140
61821
62855
-10845
61821
62855
-10845
66903
62855
-10845
66903
96724
-10845
66903
96724
77639
66903
96724
77639
-31217
96724
77639
-31217
52075
77639
-31217
52075
66177
-31217
52075
66177
17953
52075
66177
17953
95184
66177
17953
95184
99793
17953
95184
99793
25026
95184
99793
25026
-66362
99793
25026
-66362
20868
25026
-66362
20868
-98196
-66362
20868
-98196
-23088
20868
-98196
-23088
-29248
-98196
-23088
-29248
40360
-23088
-29248
40360
47807
-29248
40360
47807
15126
40360
47807
15126
91015
47807
15126
91015
63691
15126
91015
63691
74999
91015
63691
74999
91752
63691
74999
91752
87572
74999
91752
87572
-16939
91752
87572
-16939
-97756
87572
-16939
-97756
26181
-16939
-97756
26181
50425
-97756
26181
50425
48951
26181
50425
48951
73580
50425
48951
73580
-73721
48951
73580
-73721
35773
73580
-73721
35773
56409
-73721
35773
56409
-55406
35773
56409
-55406
-45088
56409
-55406
-45088
86296
-55406
-45088
86296
-26179
-45088
86296
-26179
-53536
86296
-26179
-53536
-82719
-26179
-53536
-82719
-18622
-53536
-82719
-18622
-87647
-82719
-18622
-87647
14642
-18622
-87647
14642
-92630
-87647
14642
-92630
58730
14642
-92630
58730
78893
-92630
58730
78893
36004
58730
78893
36004
-29567
78893
36004
-29567
-62941
36004
-29567
-62941
-14112
-29567
-62941
-14112
-90870
-62941
-14112
-90870
58037
-14112
-90870
58037
89112
-90870
58037
89112
-68199
58037
89112
-68199
18239
89112
-68199
18239
-30381
-68199
18239
-30381
76099
18239
-30381
76099
-30315
-30381
76099
-30315
-78462
76099
-30315
-78462
-59311
-30315
-78462
-59311
-45176
-78462
-59311
-45176
51140
-59311
-45176
51140
49380
-45176
51140
49380
54880
51140
49380
54880
29712
49380
54880
29712
55749
54880
29712
55749
-59256
29712
55749
-59256
41339
55749
-59256
41339
22650
-59256
41339
22650
10770
41339
22650
10770
-34825
22650
10770
-34825
58103
10770
-34825
58103
81940
-34825
58103
81940
-79221
58103
81940
-79221
-25662
81940
-79221
-25662
14785
-79221
-25662
14785
-18006
-25662
14785
-18006
68762
14785
-18006
68762
26775
-18006
68762
26775
-50104
68762
26775
-50104
-82631
26775
-50104
-82631
-21559
-50104
-82631
-21559
-24870
-82631
-21559
-24870
-50071
-21559
-24870
-50071
-11373
-24870
-50071
-11373
-75503
-50071
-11373
-75503
-94841
-11373
-75503
-94841
-29380
-75503
-94841
-29380
-74766
-94841
-29380
-74766
17414
-29380
-74766
17414
21253
-74766
17414
21253
50788
17414
21253
50788
10341
21253
50788
10341
28887
50788
10341
28887
-97118
10341
28887
-97118
-40677
28887
-97118
-40677
83700
-97118
-40677
83700
47543
-40677
83700
47543
46399
83700
47543
46399
-95545
47543
46399
-95545
69114
46399
-95545
69114
46685
-95545
69114
46685
-63106
69114
46685
-63106
-13694
46685
-63106
-13694
75670
-63106
-13694
75670
-42646
-13694
75670
-42646
-75052
75670
-42646
-75052
-58299
-42646
-75052
-58299
-65460
-75052
-58299
-65460
66133
-58299
-65460
66133
-53877
-65460
66133
-53877
15005
66133
-53877
15005
-97162
-53877
15005
-97162
-79298
15005
-97162
-79298
-41953
-97162
-79298
-41953
-78275
-79298
-41953
-78275
69477
-41953
-78275
69477
-91662
-78275
69477
-91662
-10042
69477
-91662
-10042
93567
-91662
-10042
93567
-78803
-10042
93567
-78803
65088
93567
-78803
65088
13542
-78803
65088
13542
-35980
65088
13542
-35980
-63689
13542
-35980
-63689
48786
-35980
-63689
48786
-36068
-63689
48786
-36068
-41249
48786
-36068
-41249
-44296
-36068
-41249
-44296
-89572
-41249
-44296
-89572
-47090
-44296
-89572
-47090
-25772
-89572
-47090
-25772
-89682
-47090
-25772
-89682
41130
-25772
-89682
41130
90806
-89682
41130
90806
-81201
41130
90806
-81201
99870
90806
-81201
99870
-69948
-81201
99870
-69948
-98405
99870
-69948
-98405
81962
-69948
-98405
81962
-55648
-98405
81962
-55648
47565
81962
-55648
47565
-10724
-55648
47565
-10724
20087
47565
-10724
20087
-93576
-10724
20087
-93576
37302
20087
-93576
37302
-34968
-93576
37302
-34968
47268
37302
-34968
47268
77903
-34968
47268
77903
-41414
47268
77903
-41414
-82532
77903
-41414
-82532
-58376
-41414
-82532
-58376
-75173
-82532
-58376
-75173
46256
-58376
-75173
46256
87616
-75173
46256
87616
76506
46256
87616
76506
82237
87616
76506
82237
-43361
76506
82237
-43361
92599
82237
-43361
92599
73668
-43361
92599
73668
-28005
92599
73668
-28005
87264
73668
-28005
87264
-50533
-28005
87264
-50533
76022
87264
-50533
76022
45057
-50533
76022
45057
-49422
76022
45057
-49422
62481
45057
-49422
62481
15126
-49422
62481
15126
-46419
62481
15126
-46419
53164
15126
-46419
53164
-78605
-46419
53164
-78605
-80211
53164
-78605
-80211
76220
-78605
-80211
76220
93699
-80211
76220
93699
-62116
76220
93699
-62116
-49048
93699
-62116
-49048
-47563
-62116
-49048
-47563
-61874
-49048
-47563
-61874
-75250
-47563
-61874
-75250
22067
-61874
-75250
22067
31912
-75250
22067
31912
-61885
22067
31912
-61885
16864
31912
-61885
16864
28381
-61885
16864
28381
-56847
16864
28381
-56847
76836
28381
-56847
76836
-43339
-56847
76836
-43339
-66384
76836
-43339
-66384
39051
-43339
-66384
39051
-72269
-66384
39051
-72269
-80805
39051
-72269
-80805
70764
-72269
-80805
70764
25125
-80805
70764
25125
-97932
70764
25125
-97932
-32614
25125
-97932
-32614
-66802
-97932
-32614
-66802
91763
-32614
-66802
91763
-52810
-66802
91763
-52810
-93466
91763
-52810
-93466
87473
-52810
-93466
87473
43858
-93466
87473
43858
53384
87473
43858
53384
23585
43858
53384
23585
-39753
53384
23585
-39753
38534
23585
-39753
38534
63603
-39753
38534
63603
-95138
38534
63603
-95138
72997
63603
-95138
72997
76539
-95138
72997
76539
51833
72997
76539
51833
54066
76539
51833
54066
-72819
51833
54066
-72819
40283
54066
-72819
40283
69939
-72819
40283
69939
59522
40283
69939
59522
-41084
69939
59522
-41084
49897
59522
-41084
49897
87363
-41084
49897
87363
-48487
49897
87363
-48487
-35859
87363
-48487
-35859
-31679
-48487
-35859
-31679
-44736
-35859
-31679
-44736
94799
-31679
-44736
94799
35641
-44736
94799
35641
30911
94799
35641
30911
67134
35641
30911
67134
42186
30911
67134
42186
65979
67134
42186
65979
-38301
42186
65979
-38301
-31349
65979
-38301
-31349
-66945
-38301
-31349
-66945
81610
-31349
-66945
81610
-85557
-66945
81610
-85557
-90749
81610
-85557
-90749
36070
-85557
-90749
36070
-58167
-90749
36070
-58167
-53426
36070
-58167
-53426
60963
-58167
-53426
60963
82941
-53426
60963
82941
-28544
60963
82941
-28544
18019
82941
-28544
18019
41889
-28544
18019
41889
-26135
18019
41889
-26135
43968
41889
-26135
43968
69829
-26135
43968
69829
14499
43968
69829
14499
15434
69829
14499
15434
-68661
14499
15434
-68661
97670
15434
-68661
97670
-31118
-68661
97670
-31118
-51204
97670
-31118
-51204
-31965
-31118
-51204
-31965
-79573
-51204
-31965
-79573
-39016
-31965
-79573
-39016
99199
-79573
-39016
99199
18921
-39016
99199
18921
-24012
99199
18921
-24012
16435
18921
-24012
16435
-90254
-24012
16435
-90254
-30117
16435
-90254
-30117
-54636
-90254
-30117
-54636
-87284
-30117
-54636
-87284
39722
-54636
-87284
39722
-93323
-87284
39722
-93323
-34891
39722
-93323
-34891
97329
-93323
-34891
97329
-61720
-34891
97329
-61720
-37718
97329
-61720
-37718
-19744
-61720
-37718
-19744
15280
-37718
-19744
15280
-47200
-19744
15280
-47200
-77703
15280
-47200
-77703
-92795
-47200
-77703
-92795
-74172
-77703
-92795
-74172
59863
-92795
-74172
59863
14059
-74172
59863
14059
-14629
59863
14059
-14629
-54680
14059
-14629
-54680
85526
-14629
-54680
85526
70841
-54680
85526
70841
-95292
85526
70841
-95292
-12385
70841
-95292
-12385
42681
-95292
-12385
42681
-79694
-12385
42681
-79694
-56715
42681
-79694
-56715
-45869
-79694
-56715
-45869
-43691
-56715
-45869
-43691
82072
-45869
-43691
82072
40580
-43691
82072
40580
44848
82072
40580
44848
34772
40580
44848
34772
97978
44848
34772
97978
81181
34772
97978
81181
52559
97978
81181
52559
35696
81181
52559
35696
51745
52559
35696
51745
84492
35696
51745
84492
90410
51745
84492
90410
-98449
84492
90410
-98449
69169
90410
-98449
69169
29976
-98449
69169
29976
-14904
69169
29976
-14904
40041
29976
-14904
40041
-20712
-14904
40041
-20712
-83071
40041
-20712
-83071
16930
-20712
-83071
16930
53956
-83071
16930
53956
-62622
16930
53956
-62622
-41249
53956
-62622
-41249
21374
-62622
-41249
21374
39986
-41249
21374
39986
64538
21374
39986
64538
73690
39986
64538
73690
-56066
64538
73690
-56066
64582
73690
-56066
64582
99925
-56066
64582
99925
75516
64582
99925
75516
33012
99925
75516
33012
-75426
75516
33012
-75426
51657
33012
-75426
51657
-70872
-75426
51657
-70872
-76295
51657
-70872
-76295
36136
-70872
-76295
36136
35729
-76295
36136
35729
-66395
36136
35729
-66395
-54801
35729
-66395
-54801
-72423
-66395
-54801
-72423
-64371
-54801
-72423
-64371
-15784
-72423
-64371
-15784
88705
-64371
-15784
88705
52471
-15784
88705
52471
-76130
88705
52471
-76130
21935
52471
-76130
21935
43506
-76130
21935
43506
53945
21935
43506
53945
-10515
43506
53945
-10515
-64822
53945
-10515
-64822
-38840
-10515
-64822
-38840
16182
-64822
-38840
16182
61579
-38840
16182
61579
61392
16182
61579
61392
-27312
61579
61392
-27312
59819
61392
-27312
59819
70764
-27312
59819
70764
56288
59819
70764
56288
-95578
70764
56288
-95578
-15201
56288
-95578
-15201
82985
-95578
-15201
82985
-85304
-15201
82985
-85304
83601
82985
-85304
83601
-77582
-85304
83601
-77582
42054
83601
-77582
42054
-89968
-77582
42054
-89968
48170
42054
-89968
48170
-10317
-89968
48170
-10317
41647
48170
-10317
41647
99177
-10317
41647
99177
60336
41647
99177
60336
33023
99177
60336
33023
-89506
60336
33023
-89506
-72423
33023
-89506
-72423
53329
-89506
-72423
53329
73525
-72423
53329
73525
-29930
53329
73525
-29930
-91783
73525
-29930
-91783
-46969
-29930
-91783
-46969
-34517
-91783
-46969
-34517
87770
-46969
-34517
87770
51998
-34517
87770
51998
69642
87770
51998
69642
92324
51998
69642
92324
-70520
69642
92324
-70520
10000
92324
-70520
10000
-86283
-70520
10000
-86283
46124
10000
-86283
46124
-45077
-86283
46124
-45077
49512
46124
-45077
49512
-36321
-45077
49512
-36321
-12572
49512
-36321
-12572
-69871
-36321
-12572
-69871
12123
-12572
-69871
12123
76473
-69871
12123
76473
-50973
12123
76473
-50973
80147
76473
-50973
80147
-10724
-50973
80147
-10724
-12198
80147
-10724
-12198
82567
-10724
-12198
82567
-79166
-12198
82567
-79166
-21790
82567
-79166
-21790
-47959
-79166
-21790
-47959
-66329
-21790
-47959
-66329
19174
-47959
-66329
19174
-58530
-66329
19174
-58530
-70432
19174
-58530
-70432
68201
-58530
-70432
68201
59918
-70432
68201
59918
79322
68201
59918
79322
-15190
59918
79322
-15190
82919
79322
-15190
82919
-32174
-15190
82919
-32174
95789
82919
-32174
95789
-18754
-32174
95789
-18754
24069
95789
-18754
24069
73888
-18754
24069
73888
-32185
24069
73888
-32185
-78924
73888
-32185
-78924
22353
-32185
-78924
22353
63130
-78924
22353
63130
-84017
22353
63130
-84017
29195
63130
-84017
29195
-49950
-84017
29195
-49950
77188
29195
-49950
77188
-60939
-49950
77188
-60939
-72247
77188
-60939
-72247
-75470
-60939
-72247
-75470
-34374
-72247
-75470
-34374
13388
-75470
-34374
13388
62096
-34374
13388
62096
65935
13388
62096
65935
-39687
62096
65935
-39687
-13925
65935
-39687
-13925
86307
-39687
-13925
86307
62745
-13925
86307
62745
63306
86307
62745
63306
31593
62745
63306
31593
-87438
63306
31593
-87438
62250
31593
-87438
62250
-39038
-87438
62250
-39038
-88263
62250
-39038
-88263
64450
-39038
-88263
64450
93908
-88263
64450
93908
44243
64450
93908
44243
62063
93908
44243
62063
-43108
44243
62063
-43108
-55054
62063
-43108
-55054
14961
-43108
-55054
14961
-79067
-55054
14961
-79067
-78528
14961
-79067
-78528
-66626
-79067
-78528
-66626
64637
-78528
-66626
64637
18503
-66626
64637
18503
22870
64637
18503
22870
71732
18503
22870
71732
69818
22870
71732
69818
-18666
71732
69818
-18666
-34187
69818
-18666
-34187
47290
-18666
-34187
47290
73943
-34187
47290
73943
-83522
47290
73943
-83522
-60609
73943
-83522
-60609
-93400
-83522
-60609
-93400
71204
-60609
-93400
71204
-97448
-93400
71204
-97448
56475
71204
-97448
56475
-37355
-97448
56475
-37355
88617
56475
-37355
88617
28590
-37355
88617
28590
-12781
88617
28590
-12781
20659
28590
-12781
20659
27138
-12781
20659
27138
-31129
20659
27138
-31129
51701
27138
-31129
51701
-82103
-31129
51701
-82103
66408
51701
-82103
66408
48478
-82103
66408
48478
-62952
66408
48478
-62952
65858
48478
-62952
65858
-68177
-62952
65858
-68177
70874
65858
-68177
70874
95371
-68177
70874
95371
45651
70874
95371
45651
-30194
95371
45651
-30194
15104
45651
-30194
15104
-33362
-30194
15104
-33362
82930
15104
-33362
82930
27468
-33362
82930
27468
60336
82930
27468
60336
-46364
27468
60336
-46364
14499
60336
-46364
14499
69719
-46364
14499
69719
-59619
14499
69719
-59619
-56506
69719
-59619
-56506
-99439
-59619
-56506
-99439
-60488
-56506
-99439
-60488
-74843
-99439
-60488
-74843
-12418
-60488
-74843
-12418
-35254
-74843
-12418
-35254
93699
-12418
-35254
93699
17227
-35254
93699
17227
-36288
93699
17227
-36288
-56220
17227
-36288
-56220
60270
-36288
-56220
60270
16941
-56220
60270
16941
53164
60270
16941
53164
-40545
16941
53164
-40545
-85535
53164
-40545
-85535
-73809
-40545
-85535
-73809
-16290
-85535
-73809
-16290
-92399
-73809
-16290
-92399
30251
-16290
-92399
30251
-84402
-92399
30251
-84402
-89110
30251
-84402
-89110
90949
-84402
-89110
90949
-13276
-89110
90949
-13276
-21493
90949
-13276
-21493
48907
-13276
-21493
48907
-92102
-21493
48907
-92102
-22692
48907
-92102
-22692
-87163
-92102
-22692
-87163
-93642
-22692
-87163
-93642
-82895
-87163
-93642
-82895
-13573
-93642
-82895
-13573
57135
-82895
-13573
57135
36235
-13573
57135
36235
15632
57135
36235
15632
86637
36235
15632
86637
-43504
15632
86637
-43504
-68595
86637
-43504
-68595
83304
-43504
-68595
83304
29888
-68595
83304
29888
29217
83304
29888
29217
96482
29888
29217
96482
-71268
29217
96482
-71268
-53382
96482
-71268
-53382
-42723
-71268
-53382
-42723
-96843
-53382
-42723
-96843
-21394
-42723
-96843
-21394
22936
-96843
-21394
22936
-87427
-21394
22936
-87427
-97041
22936
-87427
-97041
-28511
-87427
-97041
-28511
57949
-97041
-28511
57949
11276
-28511
57949
11276
-67660
57949
11276
-67660
71281
11276
-67660
71281
84107
-67660
71281
84107
58477
71281
84107
58477
-68188
84107
58477
-68188
81159
58477
-68188
81159
82787
-68188
81159
82787
-55626
81159
82787
-55626
-33934
82787
-55626
-33934
-36783
-55626
-33934
-36783
20065
-33934
-36783
20065
-64811
-36783
20065
-64811
-62193
20065
-64811
-62193
-71620
-64811
-62193
-71620
44683
-62193
-71620
44683
-25409
-71620
44683
-25409
17227
44683
-25409
17227
-57595
-25409
17227
-57595
65627
17227
-57595
65627
77056
-57595
65627
77056
49732
65627
77056
49732
20769
77056
49732
20769
92302
49732
20769
92302
-79672
20769
92302
-79672
-91772
92302
-79672
-91772
49622
-79672
-91772
49622
97956
-91772
49622
97956
-68793
49622
97956
-68793
16468
97956
-68793
16468
42318
-68793
16468
42318
62602
16468
42318
62602
54297
42318
62602
54297
24784
62602
54297
24784
47818
54297
24784
47818
-43119
24784
47818
-43119
-46309
47818
-43119
-46309
67266
-43119
-46309
67266
47389
-46309
67266
47389
-95204
67266
47389
-95204
39128
47389
-95204
39128
21748
-95204
39128
21748
-87724
39128
21748
-87724
-36090
21748
-87724
-36090
20043
-87724
-36090
20043
-34781
-36090
20043
-34781
48731
20043
-34781
48731
-81388
-34781
48731
-81388
-69189
48731
-81388
-69189
46278
-81388
-69189
46278
-38818
-69189
46278
-38818
-34341
46278
-38818
-34341
-89165
-38818
-34341
-89165
24949
-34341
-89165
24949
17216
-89165
24949
17216
65902
24949
17216
65902
68289
17216
65902
68289
-11780
65902
68289
-11780
-15399
68289
-11780
-15399
-42976
-11780
-15399
-42976
-35386
-15399
-42976
-35386
-14057
-42976
-35386
-14057
-76020
-35386
-14057
-76020
-99285
-14057
-76020
-99285
75527
-76020
-99285
75527
68773
-99285
75527
68773
19834
75527
68773
19834
35366
68773
19834
35366
85878
19834
35366
85878
-31118
-84127
-99384
48885
15764
-99384
48885
15764
-98988
48885
15764
-98988
-18721
15764
-98988
100
-18721
-30898
-98988
-18721
-30898
31846
-18721
-30898
31846
-99813
-30898
31846
-99813
46267
31846
-99813
46267
-91453
-99813
46267
-91453
-78891
46267
-91453
-78891
-44868
-91453
-78891
-44868
51063
-78891
-44868
51063
-78924
-44868
51063
-78924
92896
51063
-78924
92896
-46276
-78924
92896
-46276
-12671
92896
-46276
-12671
-42052
-46276
-12671
-42052
86736
-12671
-42052
86736
15973
-42052
86736
15973
-28621
86736
15973
-28621
35267
15973
-28621
35267
16622
-28621
35267
16622
27413
35267
16622
27413
-79969
16622
27413
-79969
-53602
27413
-79969
-53602
-17665
-79969
-53602
-17665
-59707
-53602
-17665
-59707
17667
-17665
-59707
17667
-38411
-59707
17667
-38411
30262
17667
-38411
30262
-29182
-38411
30262
-29182
-72324
30262
-29182
-72324
21726
-29182
-72324
21726
-91860
-72324
21726
-91860
66947
21726
-91860
66947
21220
-91860
66947
21220
-82906
66947
21220
-82906
-75074
21220
-82906
-75074
-46771
-82906
-75074
-46771
66859
-75074
-46771
66859
96119
-46771
66859
96119
-18193
66859
96119
-18193
-37102
96119
-18193
-37102
63405
-18193
-37102
63405
44056
-37102
63405
44056
-20767
63405
44056
-20767
13531
44056
-20767
13531
-39016
-20767
13531
-39016
-48619
13531
-39016
-48619
77419
-39016
-48619
77419
97395
-48619
77419
97395
70819
77419
97395
70819
-49939
97395
70819
-49939
-33769
70819
-49939
-33769
41537
-49939
-33769
41537
-50775
-33769
41537
-50775
52603
41537
-50775
52603
56607
-50775
52603
56607
75890
52603
56607
75890
-50027
56607
75890
-50027
-56044
75890
-50027
-56044
-74040
-50027
-56044
-74040
68839
-56044
-74040
68839
-37608
-74040
68839
-37608
-49939
68839
-37608
-49939
-82587
-37608
-49939
-82587
16776
-49939
-82587
16776
55342
-82587
16776
55342
67255
16776
55342
67255
82611
55342
67255
82611
-40369
67255
82611
-40369
10000
82611
-40369
10000
-32845
-40369
10000
-32845
52383
10000
-32845
52383
78244
-32845
52383
78244
-32878
52383
78244
-32878
-27620
78244
-32878
-27620
29448
-32878
-27620
29448
47719
-27620
29448
47719
44881
29448
47719
44881
-74887
47719
44881
-74887
21451
44881
-74887
21451
55188
-74887
21451
55188
86791
21451
55188
86791
-56418
55188
86791
-56418
-11087
86791
-56418
-11087
-64591
-56418
-11087
-64591
79179
-11087
-64591
79179
88100
-64591
79179
88100
-91453
79179
88100
-91453
82446
88100
-91453
82446
13828
-91453
82446
13828
47719
82446
13828
47719
75714
13828
47719
75714
19933
47719
75714
19933
-58519
75714
19933
-58519
51382
19933
-58519
51382
-73622
-58519
51382
-73622
86791
51382
-73622
86791
77848
-73622
86791
77848
41240
86791
77848
41240
50887
77848
41240
50887
-39478
41240
50887
-39478
28117
50887
-39478
28117
84833
-39478
28117
84833
68476
28117
84833
68476
33991
84833
68476
33991
-54779
68476
33991
-54779
18415
33991
-54779
18415
84107
-54779
18415
84107
-46672
18415
84107
-46672
-63612
84107
-46672
-63612
31230
-46672
-63612
31230
39172
-63612
31230
39172
-39621
31230
39172
-39621
-28346
39172
-39621
-28346
-42855
-39621
-28346
-42855
15973
-28346
-42855
15973
-59432
-42855
15973
-59432
73833
15973
-59432
73833
-57639
-59432
73833
-57639
88012
73833
-57639
88012
90630
-57639
88012
90630
-94104
88012
90630
-94104
28645
90630
-94104
28645
89233
-94104
28645
89233
-47046
28645
89233
-47046
-34066
89233
-47046
-34066
77991
-47046
-34066
77991
44177
-34066
77991
44177
15148
77991
44177
15148
77716
44177
15148
77716
59016
15148
77716
59016
81907
77716
59016
81907
94007
59016
81907
94007
23299
81907
94007
23299
18184
94007
23299
18184
-66582
23299
18184
-66582
39425
18184
-66582
39425
30416
-66582
39425
30416
-38983
39425
30416
-38983
-62149
30416
-38983
-62149
48346
-38983
-62149
48346
-53602
-62149
48346
-53602
50359
48346
-53602
50359
44804
-53602
50359
44804
58708
50359
44804
58708
58004
44804
58708
58004
24278
58708
58004
24278
-35991
58004
24278
-35991
-86569
24278
-35991
-86569
88749
-35991
-86569
88749
75912
-86569
88749
75912
-14618
88749
75912
-14618
11518
75912
-14618
11518
61315
-14618
11518
61315
-34066
11518
61315
-34066
-76273
61315
-34066
-76273
-51578
-34066
-76273
-51578
51382
-76273
-51578
51382
-53393
-51578
51382
-53393
-22329
51382
-53393
-22329
-45407
-53393
-22329
-45407
-47398
-22329
-45407
-47398
25840
-45407
-47398
25840
-48718
-47398
25840
-48718
-86602
25840
-48718
-86602
26962
-48718
-86602
26962
78255
-86602
26962
78255
53659
26962
78255
53659
-44714
78255
53659
-44714
-24034
53659
-44714
-24034
73580
-44714
-24034
73580
80686
-24034
73580
80686
34431
73580
80686
34431
60457
80686
34431
60457
30295
34431
60457
30295
-37729
60457
30295
-37729
-29358
30295
-37729
-29358
22606
-37729
-29358
22606
71127
-29358
22606
71127
-97558
22606
71127
-97558
-52865
71127
-97558
-52865
-24298
-97558
-52865
-24298
-35342
-52865
-24298
-35342
12200
-24298
-35342
12200
-10020
-35342
12200
-10020
-51160
12200
-10020
-51160
41878
-10020
-51160
41878
-99670
-51160
41878
-99670
58851
41878
-99670
58851
-38521
-99670
58851
-38521
-32790
58851
-38521
-32790
-56044
-38521
-32790
-56044
51921
-32790
-56044
51921
-38213
-56044
51921
-38213
55551
51921
-38213
55551
74581
-38213
55551
74581
94920
55551
74581
94920
-92619
74581
94920
-92619
75307
94920
-92619
75307
-74359
-92619
75307
-74359
72678
75307
-74359
72678
56266
-74359
72678
56266
-30931
72678
56266
-30931
-17742
56266
-30931
-17742
24861
-30931
-17742
24861
-83632
-17742
24861
-83632
51382
24861
-83632
51382
-46903
-83632
51382
-46903
-85689
51382
-46903
-85689
90410
-46903
-85689
90410
36730
-85689
90410
36730
-35166
90410
36730
-35166
-66747
36730
-35166
-66747
-80431
-35166
-66747
-80431
-56044
-66747
-80431
-56044
-10438
-80431
-56044
-10438
-24023
-56044
-10438
-24023
59434
-10438
-24023
59434
31846
-24023
59434
31846
11661
59434
31846
11661
-31162
31846
11661
-31162
65550
11661
-31162
65550
-34066
-31162
65550
-34066
-76042
65550
-34066
-76042
-59322
-34066
-76042
-59322
79619
-76042
-59322
79619
-90298
-59322
79619
-90298
-24298
79619
-90298
-24298
35575
-90298
-24298
35575
-45055
-24298
35575
-45055
39942
35575
-45055
39942
75351
-45055
39942
75351
44408
39942
75351
44408
-53602
75351
44408
-53602
-71301
44408
-53602
-71301
56090
-53602
-71301
56090
12310
-71301
56090
12310
34662
56090
12310
34662
45904
12310
34662
45904
10572
34662
45904
10572
88771
45904
10572
88771
89233
10572
88771
89233
-38928
88771
89233
-38928
84195
89233
-38928
84195
77023
-38928
84195
77023
13850
84195
77023
13850
51173
77023
13850
51173
48753
13850
51173
48753
46498
51173
48753
46498
60160
48753
46498
60160
-44835
46498
60160
-44835
39018
60160
-44835
39018
-70971
-44835
39018
-70971
-59729
39018
-70971
-59729
68476
-70971
-59729
68476
-38741
-59729
68476
-38741
-96337
68476
-38741
-96337
46608
-38741
-96337
46608
-50258
-96337
46608
-50258
-85755
46608
-50258
-85755
20483
-50258
-85755
20483
16699
-85755
20483
16699
16028
20483
16699
16028
26962
16699
16028
26962
91510
16028
26962
91510
-92674
26962
91510
-92674
-69816
91510
-92674
-69816
-76856
-92674
-69816
-76856
-34066
-69816
-76856
-34066
-64943
-76856
-34066
-64943
32055
-34066
-64943
32055
18701
-64943
32055
18701
14752
32055
18701
14752
-10053
18701
14752
-10053
-44681
14752
-10053
-44681
47554
-10053
-44681
47554
-59014
-44681
47554
-59014
-85348
47554
-59014
-85348
72601
-59014
-85348
72601
86593
-85348
72601
86593
42736
72601
86593
42736
98704
86593
42736
98704
61700
42736
98704
61700
67255
98704
61700
67255
96460
61700
67255
96460
53824
67255
96460
53824
-56770
96460
53824
-56770
-26938
53824
-56770
-26938
74735
-56770
-26938
74735
-47497
-26938
74735
-47497
-17907
74735
-47497
-17907
73140
-47497
-17907
73140
-54823
-17907
73140
-54823
-72808
73140
-54823
-72808
-44175
-54823
-72808
-44175
-16950
-72808
-44175
-16950
23068
-44175
-16950
23068
49138
-16950
23068
49138
56057
23068
49138
56057
-87790
49138
56057
-87790
-30392
56057
-87790
-30392
77452
-87790
-30392
77452
88012
-30392
77452
88012
-50907
77452
88012
-50907
15698
88012
-50907
15698
18415
-50907
15698
18415
-38477
15698
18415
-38477
-38312
18415
-38477
-38312
17359
-38477
-38312
17359
-46276
-38312
17359
-46276
67805
17359
-46276
67805
-75624
-46276
67805
-75624
40008
67805
-75624
40008
-50049
-75624
40008
-50049
-48718
40008
-50049
-48718
-26036
-50049
-48718
-26036
-65680
-48718
-26036
-65680
28183
-26036
-65680
28183
-27048
-65680
28183
-27048
61656
28183
-27048
61656
-67033
-27048
61656
-67033
55925
61656
-67033
55925
91455
-67033
55925
91455
-74062
55925
91455
-74062
18613
91455
-74062
18613
80686
-74062
18613
80686
73965
18613
80686
73965
-11120
80686
73965
-11120
-32427
73965
-11120
-32427
60875
-11120
-32427
60875
12618
-32427
60875
12618
61150
60875
12618
61150
80928
12618
61150
80928
55045
61150
80928
55045
-27092
80928
55045
-27092
-53052
55045
-27092
-53052
62536
-27092
-53052
62536
-74480
-53052
62536
-74480
28183
62536
-74480
28183
52779
-74480
28183
52779
99177
28183
52779
99177
10638
52779
99177
10638
-34066
99177
10638
-34066
14444
10638
-34066
14444
-53602
-34066
14444
-53602
65561
14444
-53602
65561
83865
-53602
65561
83865
80378
65561
83865
80378
44056
83865
80378
44056
40899
80378
44056
40899
67101
44056
40899
67101
-66439
40899
67101
-66439
72667
67101
-66439
72667
72469
-66439
72667
72469
-13309
72667
72469
-13309
16347
72469
-13309
16347
23651
-13309
16347
23651
-11901
16347
23651
-11901
64813
23651
-11901
64813
61029
-11901
64813
61029
58224
64813
61029
58224
-93895
61029
58224
-93895
-10020
58224
-93895
-10020
34849
-93895
-10020
34849
55661
-10020
34849
55661
-63370
34849
55661
-63370
-63150
55661
-63370
-63150
-12132
-63370
-63150
-12132
-24925
-63150
-12132
-24925
41900
-12132
-24925
41900
-53965
-24925
41900
-53965
28183
41900
-53965
28183
-32845
-53965
28183
-32845
-31800
28183
-32845
-31800
-86844
-32845
-31800
-86844
80378
-31800
-86844
80378
20857
-86844
80378
20857
-56231
80378
20857
-56231
69983
20857
-56231
69983
-59146
-56231
69983
-59146
-31723
69983
-59146
-31723
-12979
-59146
-31723
-12979
-45055
-31723
-12979
-45055
35333
-12979
-45055
35333
-91288
-45055
35333
-91288
-49367
35333
-91288
-49367
-23077
-91288
-49367
-23077
-80244
-49367
-23077
-80244
11089
-23077
-80244
11089
97923
-80244
11089
97923
54264
11089
97923
54264
-39698
97923
54264
-39698
26874
54264
-39698
26874
16721
-39698
26874
16721
-35287
26874
16721
-35287
33034
16721
-35287
33034
37929
-35287
33034
37929
94117
33034
37929
94117
-86261
37929
94117
-86261
34750
94117
-86261
34750
81577
-86261
34750
81577
45761
34750
81577
45761
-96337
81577
45761
-96337
53527
45761
-96337
53527
27083
-96337
53527
27083
85779
53527
27083
85779
94524
27083
85779
94524
-24298
85779
94524
-24298
11518
94524
-24298
11518
31846
-24298
11518
31846
-74095
11518
31846
-74095
89376
31846
-74095
89376
-63799
-74095
89376
-63799
-73138
89376
-63799
-73138
69323
-63799
-73138
69323
35223
-73138
69323
35223
26962
69323
35223
26962
-88351
35223
26962
-88351
59643
26962
-88351
59643
-14552
-88351
59643
-14552
-36508
59643
-14552
-36508
64725
-14552
-36508
64725
-97877
-36508
64725
-97877
-21966
64725
-97877
-21966
-74568
-97877
-21966
-74568
53692
-21966
-74568
53692
-38631
-74568
53692
-38631
-51160
53692
-38631
-51160
-46276
-38631
-51160
-46276
-11769
-51160
-46276
-11769
-75657
-46276
-11769
-75657
23794
-11769
-75657
23794
94920
-75657
23794
94920
33837
23794
94920
33837
-35496
94920
33837
-35496
-21856
33837
-35496
-21856
34288
-35496
-21856
34288
-55846
-21856
34288
-55846
-46705
34288
-55846
-46705
-65185
-55846
-46705
-65185
-12880
-46705
-65185
-12880
51382
-65185
-12880
51382
41020
-12880
51382
41020
16083
51382
41020
16083
98770
41020
16083
98770
59929
16083
98770
59929
-47684
98770
59929
-47684
73481
59929
-47684
73481
54880
-47684
73481
54880
76330
73481
54880
76330
29404
54880
76330
29404
34959
76330
29404
34959
18624
29404
34959
18624
50161
34959
18624
50161
-49125
18624
50161
-49125
-78924
50161
-49125
-78924
73668
-49125
-78924
73668
43308
-78924
73668
43308
36730
73668
43308
36730
76044
43308
36730
76044
90234
36730
76044
90234
-58662
76044
90234
-58662
-25959
90234
-58662
-25959
17194
-58662
-25959
17194
-60697
-25959
17194
-60697
-43207
17194
-60697
-43207
57487
-60697
-43207
57487
-84611
-43207
57487
-84611
26962
57487
-84611
26962
73074
-84611
26962
73074
61293
26962
73074
61293
-67792
73074
61293
-67792
63537
61293
-67792
63537
38908
-67792
63537
38908
-16389
63537
38908
-16389
-96337
38908
-16389
-96337
-11747
-16389
-96337
-11747
21286
-96337
-11747
21286
35421
-11747
21286
35421
99001
21286
35421
99001
-19766
35421
99001
-19766
24520
99001
-19766
24520
-56066
-19766
24520
-56066
-94500
24520
-56066
-94500
96152
-56066
-94500
96152
92247
-94500
96152
92247
37951
96152
92247
37951
-33494
92247
37951
-33494
50898
37951
-33494
50898
82215
-33494
50898
82215
42835
50898
82215
42835
16325
82215
42835
16325
89233
42835
16325
89233
37467
16325
89233
37467
-99626
89233
37467
-99626
-67704
37467
-99626
-67704
-33197
-99626
-67704
-33197
-56572
-67704
-33197
-56572
63592
-33197
-56572
63592
-95600
-56572
63592
-95600
49512
63592
-95600
49512
-87790
-95600
49512
-87790
-91552
49512
-87790
-91552
-75239
-87790
-91552
-75239
26104
-91552
-75239
26104
25334
-75239
26104
25334
72139
26104
25334
72139
-65515
25334
72139
-65515
-92674
72139
-65515
-92674
20516
-65515
-92674
20516
80378
-92674
20516
80378
-21801
20516
80378
-21801
-40171
80378
-21801
-40171
44485
-21801
-40171
44485
-98009
-40171
44485
-98009
26830
44485
-98009
26830
56266
-98009
26830
56266
-12814
26830
56266
-12814
31362
56266
-12814
31362
67508
-12814
31362
67508
-46903
31362
67508
-46903
-42129
67508
-46903
-42129
85812
-46903
-42129
85812
-58486
-42129
85812
-58486
62239
85812
-58486
62239
-17797
-58486
62239
-17797
-98779
62239
-17797
-98779
-67682
-17797
-98779
-67682
-45077
-98779
-67682
-45077
-82906
-67682
-45077
-82906
-21284
-45077
-82906
-21284
-71466
-82906
-21284
-71466
-41392
-21284
-71466
-41392
-96843
-71466
-41392
-96843
-45253
-41392
-96843
-45253
-28500
-96843
-45253
-28500
-80651
-45253
-28500
-80651
-70025
-28500
-80651
-70025
-74392
-80651
-70025
-74392
14752
-70025
-74392
14752
27204
-74392
14752
27204
47620
14752
27204
47620
-36508
27204
47620
-36508
41713
47620
-36508
41713
28183
-36508
41713
28183
-66428
41713
28183
-66428
-87361
28183
-66428
-87361
-42162
-66428
-87361
-42162
12453
-87361
-42162
12453
57927
-42162
12453
57927
64813
12453
57927
64813
13696
57927
64813
13696
-80464
64813
13696
-80464
-94511
13696
-80464
-94511
20186
-80464
-94511
20186
61788
-94511
20186
61788
-81751
20186
61788
-81751
77705
61788
-81751
77705
37786
-81751
77705
37786
79465
77705
37786
79465
68586
37786
79465
68586
-47497
79465
68586
-47497
34728
68586
-47497
34728
75945
-47497
34728
75945
24003
34728
75945
24003
-53778
75945
24003
-53778
94117
24003
-53778
94117
96812
-53778
94117
96812
40228
94117
96812
40228
94546
96812
40228
94546
-23077
40228
94546
-23077
-55527
94546
-23077
-55527
-74359
-23077
-55527
-74359
21011
-55527
-74359
21011
11122
-74359
21011
11122
-83874
21011
11122
-83874
93644
11122
-83874
93644
35751
-83874
93644
35751
49413
93644
35751
49413
-12088
35751
49413
-12088
-64382
49413
-12088
-64382
68751
-12088
-64382
68751
59929
-64382
68751
59929
-46496
68751
59929
-46496
34277
59929
-46496
34277
87506
-46496
34277
87506
41614
34277
87506
41614
80191
87506
41614
80191
-67033
41614
80191
-67033
-83071
80191
-67033
-83071
57839
-67033
-83071
57839
49710
-83071
57839
49710
36246
57839
49710
36246
52361
49710
36246
52361
-66912
36246
52361
-66912
20857
52361
-66912
20857
-58486
-66912
20857
-58486
-92509
20857
-58486
-92509
81225
-58486
-92509
81225
-87504
-92509
81225
-87504
-33956
81225
-87504
-33956
-74051
-87504
-33956
-74051
16160
-33956
-74051
16160
88012
-74051
16160
88012
-34066
16160
88012
-34066
34376
88012
-34066
34376
85680
-34066
34376
85680
94601
34376
85680
94601
31670
85680
94601
31670
-33560
94601
31670
-33560
-32845
31670
-33560
-32845
87121
-33560
-32845
87121
-38950
-32845
87121
-38950
41229
87121
-38950
41229
-58508
-38950
41229
-58508
75978
41229
-58508
75978
70225
-58508
75978
70225
-11967
75978
70225
-11967
-25519
70225
-11967
-25519
58807
-11967
-25519
58807
30152
-25519
58807
30152
-12726
58807
30152
-12726
-74172
30152
-12726
-74172
80686
-12726
-74172
80686
-80167
-74172
80686
-80167
66562
80686
-80167
66562
-62149
-80167
66562
-62149
-57496
66562
-62149
-57496
86648
-62149
-57496
86648
63669
-57496
86648
63669
45277
86648
63669
45277
37962
63669
45277
37962
43440
45277
37962
43440
26951
37962
43440
26951
31494
43440
26951
31494
-89011
26951
31494
-89011
-35265
31494
-89011
-35265
16952
-89011
-35265
16952
-24298
-35265
16952
-24298
30339
16952
-24298
30339
18195
-24298
30339
18195
-66868
30339
18195
-66868
-35287
18195
-66868
-35287
-12484
-66868
-35287
-12484
-60466
-35287
-12484
-60466
-19689
-12484
-60466
-19689
-35716
-60466
-19689
-35716
-65812
-19689
-35716
-65812
-79243
-35716
-65812
-79243
69400
-65812
-79243
69400
44804
-79243
69400
44804
-12792
69400
44804
-12792
62371
44804
-12792
62371
58092
-12792
62371
58092
24927
62371
58092
24927
71369
58092
24927
71369
-75888
24927
71369
-75888
-93356
71369
-75888
-93356
60457
-75888
-93356
60457
-10867
-93356
60457
-10867
-35199
60457
-10867
-35199
-91486
-10867
-35199
-91486
-53602
-35199
-91486
-53602
-85700
-91486
-53602
-85700
-12946
-53602
-85700
-12946
-24298
-85700
-12946
-24298
86626
-12946
-24298
86626
-60840
-24298
86626
-60840
-86250
86626
-60840
-86250
81907
-60840
-86250
81907
55947
-86250
81907
55947
50777
81907
55947
50777
-59707
55947
50777
-59707
-71213
50777
-59707
-71213
66738
-59707
-71213
66738
51547
-71213
66738
51547
-63458
66738
51547
-63458
58004
51547
-63458
58004
10121
-63458
58004
10121
-59707
58004
10121
-59707
-61841
10121
-59707
-61841
-36508
-59707
-61841
-36508
60512
-61841
-36508
60512
32561
-36508
60512
32561
29404
60512
32561
29404
44320
32561
29404
44320
-66021
29404
44320
-66021
-93257
44320
-66021
-93257
53087
-66021
-93257
53087
-68254
-93257
53087
-68254
-53965
53087
-68254
-53965
-27939
-68254
-53965
-27939
-71917
-53965
-27939
-71917
32682
-27939
-71917
32682
43473
-71917
32682
43473
12090
32682
43473
12090
15214
43473
12090
15214
-85887
12090
15214
-85887
40008
15214
-85887
40008
-38950
-85887
40008
-38950
88188
40008
-38950
88188
-22604
-38950
88188
-22604
46498
88188
-22604
46498
97615
-22604
46498
97615
19064
46498
97615
19064
-20437
97615
19064
-20437
36059
19064
-20437
36059
-41392
-20437
36059
-41392
-88648
36059
-41392
-88648
-98152
-41392
-88648
-98152
31846
-88648
-98152
31846
69312
-98152
31846
69312
-16477
31846
69312
-16477
-56044
69312
-16477
-56044
-90144
-16477
-56044
-90144
23596
-56044
-90144
23596
63592
-90144
23596
63592
10451
23596
63592
10451
17964
63592
10451
17964
-37487
10451
17964
-37487
-30854
17964
-37487
-30854
67255
-37487
-30854
67255
-85271
-30854
67255
-85271
-89847
67255
-85271
-89847
-38818
-85271
-89847
-38818
58224
-89847
-38818
58224
73360
-38818
58224
73360
86384
58224
73360
86384
90630
73360
86384
90630
-85348
86384
90630
-85348
10902
90630
-85348
10902
71149
-85348
10902
71149
-72896
10902
71149
-72896
22001
71149
-72896
22001
-57056
-72896
22001
-57056
79465
22001
-57056
79465
-46023
-57056
79465
-46023
-90034
79465
-46023
-90034
22078
-46023
-90034
22078
95206
-90034
22078
95206
-11560
22078
95206
-11560
57718
95206
-11560
57718
-14530
-11560
57718
-14530
-69882
57718
-14530
-69882
-31404
-14530
-69882
-31404
52603
-69882
-31404
52603
-10592
-31404
52603
-10592
-40677
52603
-10592
-40677
35509
-10592
-40677
35509
87000
-40677
35509
87000
-48861
35509
87000
-48861
-68903
87000
-48861
-68903
72898
-48861
-68903
72898
82732
-68903
72898
82732
-59960
72898
82732
-59960
55045
82732
-59960
55045
96559
-59960
55045
96559
-30975
55045
96559
-30975
-61302
96559
-30975
-61302
20648
-30975
-61302
20648
-51160
-61302
20648
-51160
-51875
20648
-51160
-51875
-91189
-51160
-51875
-91189
23497
-51875
-91189
23497
-18710
-91189
23497
-18710
24828
23497
-18710
24828
86285
-18710
24828
86285
-51160
24828
86285
-51160
58114
86285
-51160
58114
42186
-51160
58114
42186
-35287
58114
42186
-35287
-29083
42186
-35287
-29083
-28522
-35287
-29083
-28522
-47497
-29083
-28522
-47497
38336
-28522
-47497
38336
-50192
-47497
38336
-50192
24520
38336
-50192
24520
-77307
-50192
24520
-77307
-93466
24520
-77307
-93466
83711
-77307
-93466
83711
-32845
-93466
83711
-32845
-22142
83711
-32845
-22142
48148
-32845
-22142
48148
62162
-22142
48148
62162
96559
48148
62162
96559
-28148
62162
96559
-28148
88639
96559
-28148
88639
10594
-28148
88639
10594
-24386
88639
10594
-24386
-97767
10594
-24386
-97767
-85469
-24386
-97767
-85469
78244
-97767
-85469
78244
-92663
-85469
78244
-92663
11089
78244
-92663
11089
88672
-92663
11089
88672
-86756
11089
88672
-86756
-40314
88672
-86756
-40314
-19260
-86756
-40314
-19260
-65592
-40314
-19260
-65592
40393
-19260
-65592
40393
13531
-65592
40393
13531
-67583
40393
13531
-67583
-94258
13531
-67583
-94258
41581
-67583
-94258
41581
29525
-94258
41581
29525
-78825
41581
29525
-78825
-61159
29525
-78825
-61159
28183
-78825
-61159
28183
-95644
-61159
28183
-95644
92027
28183
-95644
92027
-71917
-95644
92027
-71917
26907
92027
-71917
26907
-97426
-71917
26907
-97426
-82576
26907
-97426
-82576
54099
-97426
-82576
54099
-49939
-82576
54099
-49939
-64404
54099
-49939
-64404
-15179
-49939
-64404
-15179
-90881
-64404
-15179
-90881
75802
-15179
-90881
75802
86439
-90881
75802
86439
-64855
75802
86439
-64855
-67033
86439
-64855
-67033
44012
-64855
-67033
44012
-41018
-67033
44012
-41018
92896
44012
-41018
92896
-12055
-41018
92896
-12055
-92520
92896
-12055
-92520
-23077
-12055
-92520
-23077
13619
-92520
-23077
13619
54473
-23077
13619
54473
-37630
13619
54473
-37630
84844
54473
-37630
84844
51151
-37630
84844
51151
34288
84844
51151
34288
56761
51151
34288
56761
-48377
34288
56761
-48377
-62149
56761
-48377
-62149
-64338
-48377
-62149
-64338
23662
-62149
-64338
23662
-17093
-64338
23662
-17093
-90012
23662
-17093
-90012
94766
-17093
-90012
94766
-24298
-90012
94766
-24298
23915
94766
-24298
23915
26962
-24298
23915
26962
67794
23915
26962
67794
-98394
26962
67794
-98394
53824
67794
-98394
53824
-28456
-98394
53824
-28456
55936
53824
-28456
55936
-95512
-28456
55936
-95512
-41777
55936
-95512
-41777
-56682
-95512
-41777
-56682
89233
-41777
-56682
89233
23189
-56682
89233
23189
53285
89233
23189
53285
24091
23189
53285
24091
86791
53285
24091
86791
26698
24091
86791
26698
14356
86791
26698
14356
73360
26698
14356
73360
45002
14356
73360
45002
-76614
73360
45002
-76614
-42459
45002
-76614
-42459
-95006
-76614
-42459
-95006
-23418
-42459
-95006
-23418
-96337
-95006
-23418
-96337
-41392
-23418
-96337
-41392
17337
-96337
-41392
17337
-75580
-41392
17337
-75580
75395
17337
-75580
75395
-72247
-75580
75395
-72247
81104
75395
-72247
81104
66034
-72247
81104
66034
-26201
81104
66034
-26201
-41161
66034
-26201
-41161
-58013
-26201
-41161
-58013
39172
-41161
-58013
39172
-78352
-58013
39172
-78352
89541
39172
-78352
89541
-32845
-78352
89541
-32845
60270
89541
-32845
60270
95448
-32845
60270
95448
-70938
60270
95448
-70938
-54823
95448
-70938
-54823
73822
-70938
-54823
73822
82226
-54823
73822
82226
26599
73822
82226
26599
-91266
82226
26599
-91266
-73952
26599
-91266
-73952
-25519
-91266
-73952
-25519
67255
-73952
-25519
67255
-18050
-25519
67255
-18050
-65647
67255
-18050
-65647
92071
-18050
-65647
92071
95184
-65647
92071
95184
94051
92071
95184
94051
-57342
95184
94051
-57342
-54823
94051
-57342
-54823
83128
-57342
-54823
83128
42615
-54823
83128
42615
-33703
83128
42615
-33703
38226
42615
-33703
38226
-86569
-33703
38226
-86569
32781
38226
-86569
32781
-95897
-86569
32781
-95897
25092
32781
-95897
25092
-48861
-95897
25092
-48861
-10262
25092
-48861
-10262
-77384
-48861
-10262
-77384
55045
-10262
-77384
55045
97637
-77384
55045
97637
-98779
55045
97637
-98779
-74447
97637
-98779
-74447
91840
-98779
-74447
91840
60908
-74447
91840
60908
58708
91840
60908
58708
74471
60908
58708
74471
-10328
58708
74471
-10328
59709
74471
-10328
59709
39172
-10328
59709
39172
90168
59709
39172
90168
53450
39172
90168
53450
75802
90168
53450
75802
-49730
53450
75802
-49730
80312
75802
-49730
80312
-50698
-49730
80312
-50698
26962
80312
-50698
26962
81577
-50698
26962
81577
-73930
26962
81577
-73930
-86954
81577
-73930
-86954
76121
-73930
-86954
76121
-23077
-86954
76121
-23077
-59443
76121
-23077
-59443
-15201
-23077
-59443
-15201
-57529
-59443
-15201
-57529
-13386
-15201
-57529
-13386
-92674
-57529
-13386
-92674
75351
-13386
-92674
75351
71259
-92674
75351
71259
-24232
75351
71259
-24232
28183
71259
-24232
28183
76066
-24232
28183
76066
65451
28183
76066
65451
14752
76066
65451
14752
-51633
65451
14752
-51633
80917
14752
-51633
80917
78244
-51633
80917
78244
67200
80917
78244
67200
63603
78244
67200
63603
-13188
67200
63603
-13188
-94159
63603
-13188
-94159
-27114
-13188
-94159
-27114
-42613
-94159
-27114
-42613
24872
-27114
-42613
24872
-13760
-42613
24872
-13760
-74161
24872
-13760
-74161
57905
-13760
-74161
57905
-67033
-74161
57905
-67033
-64525
57905
-67033
-64525
-17258
-67033
-64525
-17258
58378
-64525
-17258
58378
50161
-17258
58378
50161
-84974
58378
50161
-84974
92687
50161
-84974
92687
19636
-84974
92687
19636
83139
92687
19636
83139
51756
19636
83139
51756
-58486
83139
51756
-58486
-12847
51756
-58486
-12847
-63667
-58486
-12847
-63667
-61973
-12847
-63667
-61973
-89286
-63667
-61973
-89286
96559
-61973
-89286
96559
43781
-89286
96559
43781
-58464
96559
43781
-58464
32088
43781
-58464
32088
30955
-58464
32088
30955
96559
32088
30955
96559
67123
30955
96559
67123
59082
96559
67123
59082
-16972
67123
59082
-16972
39007
59082
-16972
39007
-36706
-16972
39007
-36706
-73138
39007
-36706
-73138
-98834
-36706
-73138
-98834
27336
-73138
-98834
27336
41196
-98834
27336
41196
-81201
27336
41196
-81201
83458
41196
-81201
83458
46498
-81201
83458
46498
-12748
83458
46498
-12748
99001
46498
-12748
99001
-14156
-12748
99001
-14156
95855
99001
-14156
95855
-18611
-14156
95855
-18611
-27873
95855
-18611
-27873
29404
-18611
-27873
29404
75934
-27873
29404
75934
66012
29404
75934
66012
-31624
75934
66012
-31624
-46815
66012
-31624
-46815
-71972
-31624
-46815
-71972
13641
-46815
-71972
13641
84602
-71972
13641
84602
67255
13641
84602
67255
-68012
84602
67255
-68012
-38070
67255
-68012
-38070
-56077
-68012
-38070
-56077
25741
-38070
-56077
25741
-52436
-56077
25741
-52436
39535
25741
-52436
39535
70918
-52436
39535
70918
47983
39535
70918
47983
11067
70918
47983
11067
-62919
47983
11067
-62919
18415
11067
-62919
18415
28942
-62919
18415
28942
-26696
18415
28942
-26696
99111
28942
-26696
99111
85570
-26696
99111
85570
-71224
99111
85570
-71224
-70564
85570
-71224
-70564
94095
-71224
-70564
94095
-61907
-70564
94095
-61907
71116
94095
-61907
71116
90454
-61907
71116
90454
64813
71116
90454
64813
-18556
90454
64813
-18556
63350
64813
-18556
63350
-73974
-18556
63350
-73974
69389
63350
-73974
69389
23299
-73974
69389
23299
-21636
69389
23299
-21636
80620
23299
-21636
80620
-70223
-21636
80620
-70223
-67594
80620
-70223
-67594
44056
-70223
-67594
44056
61667
-67594
44056
61667
-48575
44056
61667
-48575
-80519
61667
-48575
-80519
64450
-48575
-80519
64450
-19414
-80519
64450
-19414
48940
64450
-19414
48940
-96227
-19414
48940
-96227
80576
48940
-96227
80576
46861
-96227
80576
46861
34739
80576
46861
34739
-94962
46861
34739
-94962
58708
34739
-94962
58708
27655
-94962
58708
27655
-41931
58708
27655
-41931
-13969
27655
-41931
-13969
-87834
-41931
-13969
-87834
69697
-13969
-87834
69697
13531
-87834
69697
13531
-88439
69697
13531
-88439
45992
13531
-88439
45992
-54119
-88439
45992
-54119
-62149
45992
-54119
-62149
-32416
-54119
-62149
-32416
82435
-62149
-32416
82435
30768
-32416
82435
30768
94645
82435
30768
94645
-88065
30768
94645
-88065
-69156
94645
-88065
-69156
14752
-88065
-69156
14752
41845
-69156
14752
41845
-23858
14752
41845
-23858
55045
41845
-23858
55045
35311
-23858
55045
35311
97549
55045
35311
97549
-77153
35311
97549
-77153
44221
97549
-77153
44221
-54823
-77153
44221
-54823
-35518
44221
-54823
-35518
17535
-54823
-35518
17535
27501
-35518
17535
27501
-48718
17535
27501
-48718
61678
27501
-48718
61678
-47585
-48718
61678
-47585
-27554
61678
-47585
-27554
-57265
-47585
-27554
-57265
96240
-27554
-57265
96240
24520
-57265
96240
24520
86109
96240
24520
86109
-97030
24520
86109
-97030
12200
86109
-97030
12200
26808
-97030
12200
26808
-57694
12200
26808
-57694
-75580
26808
-57694
-75580
-31932
-57694
-75580
-31932
70038
-75580
-31932
70038
-94126
-31932
70038
-94126
-24298
70038
-94126
-24298
-89704
-94126
-24298
-89704
61150
-24298
-89704
61150
62899
-89704
61150
62899
77210
61150
62899
77210
47488
62899
77210
47488
-82906
77210
47488
-82906
-41766
47488
-82906
-41766
86098
-82906
-41766
86098
-76801
-41766
86098
-76801
35949
86098
-76801
35949
-72423
-76801
35949
-72423
-82884
35949
-72423
-82884
96504
-72423
-82884
96504
-63073
-82884
96504
-63073
-30403
96504
-63073
-30403
86285
-63073
-30403
86285
-58794
-30403
86285
-58794
84283
86285
-58794
84283
-98724
-58794
84283
-98724
63592
84283
-98724
63592
-49939
-98724
63592
-49939
89134
63592
-49939
89134
60864
-49939
89134
60864
34244
89134
60864
34244
-63876
60864
34244
-63876
-54691
34244
-63876
-54691
-89011
-63876
-54691
-89011
-81278
-54691
-89011
-81278
63592
-89011
-81278
63592
83865
-81278
63592
83865
10561
63592
83865
10561
65429
83865
10561
65429
-71917
10561
65429
-71917
-82587
65429
-71917
-82587
75439
-71917
-82587
75439
99441
-82587
75439
99441
70049
75439
99441
70049
-81685
99441
70049
-81685
10473
70049
-81685
10473
15324
-81685
10473
15324
-73996
10473
15324
-73996
-42602
15324
-73996
-42602
12420
-73996
-42602
12420
83128
-42602
12420
83128
-61225
12420
83128
-61225
14521
83128
-61225
14521
-49939
-61225
14521
-49939
89211
14521
-49939
89211
-56649
-49939
89211
-56649
-24298
89211
-56649
-24298
36829
-56649
-24298
36829
-68408
-24298
36829
-68408
66969
36829
-68408
66969
88122
-68408
66969
88122
-83984
66969
88122
-83984
-75580
88122
-83984
-75580
84173
-83984
-75580
84173
-35012
-75580
84173
-35012
-67033
84173
-35012
-67033
-27191
-35012
-67033
-27191
-74788
-67033
-27191
-74788
83370
-27191
-74788
83370
-85997
-74788
83370
-85997
39172
83370
-85997
39172
-74832
-85997
39172
-74832
69763
39172
-74832
69763
-84721
-74832
69763
-84721
92896
69763
-84721
92896
44254
-84721
92896
44254
-12088
92896
44254
-12088
52372
44254
-12088
52372
-62248
-12088
52372
-62248
-28632
52372
-62248
-28632
-47959
-62248
-28632
-47959
48390
-28632
-47959
48390
13531
-47959
48390
13531
-91904
48390
13531
-91904
-82048
13531
-91904
-82048
-100000
-91904
-82048
-100000
26830
-82048
-100000
26830
36730
-100000
26830
36730
50018
26830
36730
50018
91356
36730
50018
91356
93996
50018
91356
93996
-73776
91356
93996
-73776
-75580
93996
-73776
-75580
-60620
-73776
-75580
-60620
55474
-75580
-60620
55474
45266
-60620
55474
45266
76330
55474
45266
76330
69125
45266
76330
69125
-74359
76330
69125
-74359
-45132
69125
-74359
-45132
51558
-74359
-45132
51558
-68518
-45132
51558
-68518
37951
51558
-68518
37951
29162
-68518
37951
29162
39172
37951
29162
39172
-72258
29162
39172
-72258
95371
39172
-72258
95371
-89869
-72258
95371
-89869
-32845
95371
-89869
-32845
58554
-89869
-32845
58554
-64734
-32845
58554
-64734
30262
58554
-64734
30262
-62149
-64734
30262
-62149
-83621
30262
-62149
-83621
-50368
-62149
-83621
-50368
15566
-83621
-50368
15566
53824
-50368
15566
53824
71424
15566
53824
71424
-41249
53824
71424
-41249
87847
71424
-41249
87847
-70476
-41249
87847
-70476
-36508
87847
-70476
-36508
-11615
-70476
-36508
-11615
53175
-36508
-11615
53175
-46980
-11615
53175
-46980
22485
53175
-46980
22485
-67033
-46980
22485
-67033
-71917
22485
-67033
-71917
-22428
-67033
-71917
-22428
-62732
-71917
-22428
-62732
64912
-22428
-62732
64912
-31899
-62732
64912
-31899
39172
64912
-31899
39172
80048
-31899
39172
80048
-27224
39172
80048
-27224
-67033
80048
-27224
-67033
38919
-27224
-67033
38919
-45858
-67033
38919
-45858
-11340
38919
-45858
-11340
-88021
-45858
-11340
-88021
77023
-11340
-88021
77023
-94962
-88021
77023
-94962
49435
77023
-94962
49435
56266
-94962
49435
56266
20692
49435
56266
20692
45530
56266
20692
45530
83700
20692
45530
83700
-79243
45530
83700
-79243
-90243
83700
-79243
-90243
64439
-79243
-90243
64439
70357
-90243
64439
70357
84349
64439
70357
84349
-94401
70357
84349
-94401
16479
84349
-94401
16479
85823
-94401
16479
85823
-45429
16479
85823
-45429
-29083
85823
-45429
-29083
-76251
-45429
-29083
-76251
51382