93
16
62
1
64
82
35
88
45
74
68
55
4
91
85
30
14
66
99
100
24
59
60
2
82
7
79
87
54
59
44
86
30
11
36
38
1
60
34
55
12
100
51
28
21
70
67
15
6
93
1
89
11
89
15
11
5
99
25
13
93
26
68
65
98
46
7
59
52
86
88
1
42
44
5
89
14
89
32
7
77
95
18
79
83
42
3
71
89
69
79
33
44
3
97
93
5
80
20
38
52
6
99
24
35
73
84
95
36
69
41
53
34
28
38
49
1
82
33
8
25
92
54
4
77
74
11
25
92
53
13
62
92
9
10
91
32
22
10
79
4
69
41
39
17
57
14
100
89
9
81
48
1
24
62
15
54
50
82
63
57
23
90
31
58
35
64
73
3
28
92
44
31
72
61
96
2
18
31
47
8
91
71
22
2
17
99
92
47
21
90
65
46
10
26
82
27
10
50
16
5
19
30
39
6
71
65
89
77
88
16
72
50
24
63
41
15
68
61
69
33
24
83
87
81
88
36
97
5
66
35
22
21
5
98
77
32
25
90
15
56
68
75
81
93
19
63
5
61
98
1
99
24
45
25
89
75
43
6
29
55
5
75
34
1
9
31
20
1
28
83
72
36
92
73
35
30
73
47
23
5
12
83
93
2
5
39
43
87
33
36
47
64
40
79
65
45
60
53
59