210
1000
109 582
866 1381
530 1227
680 1277
1167 1385
830 1374
972 1427
923 1350
581 767
735 1326
536 1077
808 1141
974 1356
316 823
621 1339
797 1392
214 1167
895 1369
1096 1362
1330 1398
602 900
518 1016
315 623
920 1165
952 1178
640 1378
1211 1386
36 688
861 1359
470 831
217 989
1002 1361
494 1005
1146 1397
922 1340
40 251
410 1116
892 1379
865 1256
738 1402
728 1427
435 825
797 1402
412 1235
505 1020
675 1254
232 866
1062 1414
1052 1419
346 1174
1178 1399
1133 1349
23 565
523 1212
527 680
1071 1430
550 956
898 1298
677 1069
856 1007
982 1185
1019 1397
290 1075
1219 1429
223 744
263 953
123 579
421 1421
584 1274
692 1391
1057 1401
1042 1413
1082 1385
927 1340
34 746
1141 1417
1144 1397
206 1122
881 1417
905 1311
649 1387
1028 1368
118 330
935 1415
827 1361
405 811
951 1152
1081 1415
327 917
71 917
1316 1375
613 1142
114 826
978 1155
1194 1367
918 1326
1136 1319
346 598
859 1410
95 619
392 1256
759 962
1012 1230
1158 1328
699 1409
192 540
583 1438
506 1001
394 1327
803 1400
154 815
270 497
12 683
5 788
362 1254
372 734
1225 1393
738 1393
385 1294
1113 1429
1047 1395
1052 1383
857 1356
536 640
905 1213
998 1383
85 969
1056 1356
355 858
1056 1245
344 451
406 599
582 1365
32 305
573 866
363 1209
878 999
932 1377
107 1077
303 1210
772 1390
1031 1159
1285 1396
1143 1407
1120 1290
237 641
853 1405
970 1337
483 796
1264 1362
1293 1423
215 442
3 416
698 971
533 1356
461 868
1029 1348
420 873
1025 1372
914 1345
1293 1391
344 1326
791 1377
140 696
936 1366
1135 1354
109 751
896 1387
869 1188
268 534
1007 1370
1025 1377
435 1247
1057 1361
1208 1407
1182 1432
1022 1419
1214 1411
14 817
956 1342
1317 1404
939 1389
594 1418
1292 1377
129 962
843 1375
838 1387
1192 1406
866 1414
1041 1387
870 1054
705 1421
112 369
939 1375
1060 1380
1156 1420
1187 1343
106 318
893 1043
609 1230
175 572
866 1410
751 1354
1003 1411
910 1325
151 713
844 1425
703 1381
545 1182
459 1085
489 1367
772 877
495 1430
1212 1387
1070 1377
751 1369
620 1255
165 277
442 608
80 416
962 1407
1242 1393
1218 1361
577 1249
1308 1406
765 1421
211 482
357 893
376 909
1163 1365
1138 1402
13 590
1279 1402
129 297
520 1055
187 346
1325 1387
810 1095
475 911
218 693
494 918
324 685
150 1133
894 1268
668 1356
152 923
273 1207
1023 1206
218 785
934 1387
289 566
951 1259
114 810
1036 1161
1228 1411
983 1402
287 805
697 1407
896 1280
377 761
724 1360
771 1298
779 1388
1095 1387
812 1337
1251 1384
981 1363
206 654
296 607
901 1070
714 1094
1324 1408
68 706
197 512
159 930
1284 1344
815 966
1114 1370
727 1144
393 1116
835 1377
609 888
986 1405
931 1380
747 1247
467 1295
742 923
354 1071
434 1304
37 555
492 1055
509 1234
308 1251
304 868
198 560
290 769
985 1318
314 495
570 1108
482 1139
790 1043
1134 1354
352 1244
106 471
906 1383
1236 1391
252 1145
243 793
140 1106
799 1398
1017 1216
1146 1417
809 1424
92 405
199 643
683 1101
967 1415
301 1151
678 1075
33 451
315 824
37 977
761 862
308 700
145 607
693 1123
864 1392
73 933
44 840
674 990
1283 1417
585 1158
735 1355
359 799
880 1408
99 404
906 1059
580 950
629 957
1258 1433
701 1372
1308 1365
669 1297
556 840
1020 1344
1230 1350
42 152
571 1381
1101 1368
215 587
178 279
954 1398
333 868
475 1345
644 1309
596 1127
1277 1387
55 741
790 1289
744 1058
707 1086
1028 1430
673 1409
1034 1398
870 1316
186 389
1109 1240
8 1005
482 692
468 613
1033 1428
990 1381
382 698
155 584
747 1372
744 1013
530 1230
1305 1392
1226 1359
134 954
1191 1363
1207 1364
176 1069
575 707
390 602
1066 1341
759 1389
579 1341
1256 1376
1022 1274
506 1020
177 957
1276 1358
778 996
1286 1429
250 720
6 840
237 891
721 1060
492 1156
1100 1410
778 1361
3 182
397 1365
358 1348
722 1325
857 1058
338 833
106 376
737 916
1059 1429
141 873
385 496
1209 1366
679 1259
224 835
293 949
123 1036
313 1078
334 698
722 1345
1 346
1089 1228
330 600
1194 1340
519 1034
1287 1375
603 1128
626 1038
722 1227
1191 1348
769 1401
16 838
657 877
181 694
679 1414
36 426
362 538
870 1076
448 1257
212 1094
897 1405
1185 1370
617 984
1113 1428
978 1419
241 390
452 1438
531 1205
259 903
1121 1398
611 1072
664 1012
1305 1395
292 1246
1149 1381
265 647
982 1356
257 1114
831 1391
1233 1394
200 323
483 1072
241 754
718 1349
380 1283
12 800
1088 1426
1037 1427
540 1376
694 982
1253 1364
1240 1420
606 1371
667 1311
563 1029
567 1392
1227 1367
892 1407
929 1223
621 1223
711 1238
654 1127
506 1234
1290 1385
942 1355
407 654
749 1404
814 1264
1195 1340
1249 1389
699 996
1258 1421
339 1166
1228 1367
354 633
1172 1364
1147 1417
180 590
798 1367
477 1037
814 1362
921 1370
1241 1358
862 1260
1313 1343
713 1402
255 1051
807 1267
494 985
1338 1397
739 975
1195 1426
550 818
278 1194
1100 1409
396 1251
118 1029
423 1215
925 1372
298 1073
663 893
1215 1363
462 1393
29 922
199 727
795 1387
543 1372
43 585
1248 1368
1259 1343
457 717
17 882
335 1138
858 1374
82 369
951 1366
395 1138
104 691
451 877
110 901
674 1393
752 1111
997 1400
1263 1364
995 1360
179 848
686 1077
1098 1414
1019 1372
651 1364
1124 1407
611 1342
469 807
976 1418
1074 1263
590 751
935 1208
1264 1380
233 867
1123 1342
653 942
214 1106
554 712
71 524
603 893
177 1173
321 1251
780 1400
1032 1400
1005 1383
410 983
881 1409
1033 1349
865 1292
1027 1191
1110 1278
398 809
523 788
770 1261
1146 1411
948 1376
142 856
42 968
377 510
1110 1379
784 1419
951 1422
1301 1379
813 1397
19 798
1146 1377
2 439
489 1368
1129 1389
122 985
923 1145
900 1367
197 1125
1217 1340
1095 1396
614 796
468 1423
1308 1398
1190 1385
1017 1380
150 1097
605 1372
1037 1213
1196 1406
887 1016
570 898
5 609
685 1411
899 1348
513 1085
848 1351
905 1354
527 939
523 1059
1286 1419
326 1085
332 1144
835 989
1070 1367
37 514
505 841
1136 1423
1252 1342
925 1381
481 926
1175 1358
1005 1315
201 399
304 582
295 1068
567 710
452 1025
1337 1364
362 538
1262 1341
747 1427
949 1430
441 1069
860 1158
410 1357
969 1363
1177 1342
194 1132
461 818
355 952
601 1232
578 1429
909 1360
470 1261
700 876
128 902
1016 1421
167 1099
1306 1376
58 1029
765 1405
146 926
114 497
1323 1362
1190 1435
377 962
931 1406
630 746
846 1430
644 1389
564 1290
494 1131
730 1252
823 1165
504 1039
201 1102
463 631
1212 1398
50 444
569 1244
1317 1422
1134 1401
646 792
849 1131
345 1036
387 1211
169 512
158 722
1060 1206
51 1010
719 1356
1149 1374
303 983
176 1089
1077 1411
1034 1430
695 1355
1184 1345
490 874
897 1430
929 1161
1021 1341
1314 1341
449 908
974 1373
314 1173
1111 1309
604 1068
573 1384
829 1196
1249 1374
465 645
760 1404
5 580
550 847
665 1056
613 907
312 675
828 1074
21 191
1014 1310
1211 1366
653 809
21 588
626 1415
292 566
21 564
309 825
1258 1402
855 977
215 524
454 684
801 1369
654 969
581 1414
609 1063
585 931
485 1335
316 1154
507 1437
999 1402
1097 1295
1101 1398
608 978
1186 1426
1273 1375
469 1155
1164 1416
585 818
731 1373
711 864
229 868
1011 1278
467 1061
345 1208
1096 1405
61 1060
34 1025
428 713
85 753
1081 1369
29 342
974 1358
509 1045
816 1417
1070 1417
1217 1411
1006 1348
509 935
1121 1398
247 1180
174 440
380 995
584 1425
1022 1432
1243 1401
574 917
1297 1368
109 724
89 962
485 613
1298 1369
579 1241
231 393
700 1197
103 847
657 869
814 1427
1262 1342
912 1017
332 1316
417 998
982 1379
1092 1393
365 670
343 700
165 650
566 915
735 1171
1284 1399
1013 1399
405 579
388 510
790 1050
945 1119
245 931
322 1080
732 1422
318 1276
899 1271
1053 1415
149 1114
1027 1319
715 1078
320 1162
525 650
335 1111
921 1384
1288 1383
137 261
402 1197
968 1350
740 1388
50 962
1089 1340
1286 1418
179 827
592 1092
598 808
1231 1397
994 1343
322 875
389 859
255 366
474 668
630 1334
1147 1379
639 773
712 1217
1189 1381
339 806
1025 1341
1321 1354
238 988
1034 1313
440 996
1028 1359
748 1330
137 788
693 1358
40 904
1206 1361
355 725
906 1367
1138 1405
667 1361
623 1227
1142 1359
1175 1398
696 1173
813 1399
405 895
917 1288
25 371
154 981
1295 1377
1297 1387
247 886
1025 1255
1156 1341
545 1387
189 1141
460 1339
838 1395
325 1281
53 482
37 431
877 1414
850 1345
1198 1393
1285 1430
417 778
1054 1426
671 953
1237 1427
1080 1352
756 1255
1215 1404
916 1303
1072 1342
1002 1421
345 448
334 715
1152 1400
531 888
467 772
238 1014
1085 1374
1155 1360
1309 1407
742 1419
1269 1389
535 1292
691 981
1266 1407
315 1163
448 1177
822 1331
405 620
241 790
489 1175
1134 1401
755 1424
253 760
271 623
1158 1383
409 1089
636 1400
1156 1406
1115 1283
392 864
751 1310
749 1292
54 305
605 757
467 910
128 645
247 1171
543 800
1138 1407
964 1435
797 1429
1289 1421
815 1279
418 702
180 456
100 519
81 494
43 871
129 1099
1099 1436
1044 1226
1261 1368
315 561
376 1085
1054 1356
933 1117
1224 1416
337 754
280 1097
562 1258
600 858
1266 1360
437 1275
851 955
114 437
676 952
406 1217
138 938
1055 1167
621 995
895 1352
365 1314
1187 1356
346 899
1018 1311
1143 1353
566 1406
734 964
1247 1424
1315 1356
635 1390
1043 1259
185 517
367 679
242 1018
131 1078
230 705
1061 1309
530 883
1189 1409
823 1295
588 1370
138 805
76 634
227 959
663 1356
949 1253
567 851
281 847
1199 1413
362 757
1264 1409
821 1128
1337 1359
320 778
60 400
434 1417
93 677
